{
 "cells": [
  {
   "cell_type": "code",
   "execution_count": 185,
   "metadata": {},
   "outputs": [],
   "source": [
    "import pandas as pd\n",
    "import numpy as np\n",
    "import json\n",
    "from datetime import datetime"
   ]
  },
  {
   "cell_type": "markdown",
   "metadata": {},
   "source": [
    "## Read files"
   ]
  },
  {
   "cell_type": "code",
   "execution_count": 186,
   "metadata": {},
   "outputs": [
    {
     "data": {
      "text/html": [
       "<div>\n",
       "<style scoped>\n",
       "    .dataframe tbody tr th:only-of-type {\n",
       "        vertical-align: middle;\n",
       "    }\n",
       "\n",
       "    .dataframe tbody tr th {\n",
       "        vertical-align: top;\n",
       "    }\n",
       "\n",
       "    .dataframe thead th {\n",
       "        text-align: right;\n",
       "    }\n",
       "</style>\n",
       "<table border=\"1\" class=\"dataframe\">\n",
       "  <thead>\n",
       "    <tr style=\"text-align: right;\">\n",
       "      <th></th>\n",
       "      <th>category</th>\n",
       "      <th>name</th>\n",
       "      <th>updated_at</th>\n",
       "      <th>seller_pid</th>\n",
       "      <th>bunp_amount</th>\n",
       "      <th>category_3</th>\n",
       "      <th>month</th>\n",
       "    </tr>\n",
       "  </thead>\n",
       "  <tbody>\n",
       "    <tr>\n",
       "      <th>10316213</th>\n",
       "      <td>310130030.0</td>\n",
       "      <td>롱 스커트</td>\n",
       "      <td>2019-05-20 14:41:21</td>\n",
       "      <td>101055270</td>\n",
       "      <td>8000</td>\n",
       "      <td>310</td>\n",
       "      <td>2019-05-01</td>\n",
       "    </tr>\n",
       "    <tr>\n",
       "      <th>10316214</th>\n",
       "      <td>400010200.0</td>\n",
       "      <td>크로스백</td>\n",
       "      <td>2019-05-20 15:13:41</td>\n",
       "      <td>102076822</td>\n",
       "      <td>28000</td>\n",
       "      <td>400</td>\n",
       "      <td>2019-05-01</td>\n",
       "    </tr>\n",
       "    <tr>\n",
       "      <th>10316215</th>\n",
       "      <td>999.0</td>\n",
       "      <td>기타</td>\n",
       "      <td>2019-05-20 16:13:41</td>\n",
       "      <td>100020222</td>\n",
       "      <td>10000</td>\n",
       "      <td>999</td>\n",
       "      <td>2019-05-01</td>\n",
       "    </tr>\n",
       "    <tr>\n",
       "      <th>10316216</th>\n",
       "      <td>900320100.0</td>\n",
       "      <td>피규어/인형</td>\n",
       "      <td>2019-05-20 16:26:18</td>\n",
       "      <td>102385162</td>\n",
       "      <td>116000</td>\n",
       "      <td>900</td>\n",
       "      <td>2019-05-01</td>\n",
       "    </tr>\n",
       "    <tr>\n",
       "      <th>10316217</th>\n",
       "      <td>400050100.0</td>\n",
       "      <td>단화/플랫슈즈</td>\n",
       "      <td>2019-05-20 16:41:47</td>\n",
       "      <td>102192601</td>\n",
       "      <td>350000</td>\n",
       "      <td>400</td>\n",
       "      <td>2019-05-01</td>\n",
       "    </tr>\n",
       "  </tbody>\n",
       "</table>\n",
       "</div>"
      ],
      "text/plain": [
       "             category     name           updated_at  seller_pid  bunp_amount  \\\n",
       "10316213  310130030.0    롱 스커트  2019-05-20 14:41:21   101055270         8000   \n",
       "10316214  400010200.0     크로스백  2019-05-20 15:13:41   102076822        28000   \n",
       "10316215        999.0       기타  2019-05-20 16:13:41   100020222        10000   \n",
       "10316216  900320100.0   피규어/인형  2019-05-20 16:26:18   102385162       116000   \n",
       "10316217  400050100.0  단화/플랫슈즈  2019-05-20 16:41:47   102192601       350000   \n",
       "\n",
       "         category_3      month  \n",
       "10316213        310 2019-05-01  \n",
       "10316214        400 2019-05-01  \n",
       "10316215        999 2019-05-01  \n",
       "10316216        900 2019-05-01  \n",
       "10316217        400 2019-05-01  "
      ]
     },
     "execution_count": 186,
     "metadata": {},
     "output_type": "execute_result"
    }
   ],
   "source": [
    "# 번프 판매액\n",
    "df_bunp = pd.read_csv('../csv/bunp_category_detail.csv')\n",
    "\n",
    "df_bunp['category_3'] = df_bunp['category'].astype(str).str[:3]\n",
    "\n",
    "df_bunp['month'] = df_bunp['updated_at'].astype(str).str[:7]\n",
    "df_bunp['month'] = pd.to_datetime(df_bunp['month']) # str -> timestamp\n",
    "\n",
    "df_bunp.tail()"
   ]
  },
  {
   "cell_type": "code",
   "execution_count": 187,
   "metadata": {},
   "outputs": [
    {
     "data": {
      "text/html": [
       "<div>\n",
       "<style scoped>\n",
       "    .dataframe tbody tr th:only-of-type {\n",
       "        vertical-align: middle;\n",
       "    }\n",
       "\n",
       "    .dataframe tbody tr th {\n",
       "        vertical-align: top;\n",
       "    }\n",
       "\n",
       "    .dataframe thead th {\n",
       "        text-align: right;\n",
       "    }\n",
       "</style>\n",
       "<table border=\"1\" class=\"dataframe\">\n",
       "  <thead>\n",
       "    <tr style=\"text-align: right;\">\n",
       "      <th></th>\n",
       "      <th>category</th>\n",
       "      <th>name</th>\n",
       "    </tr>\n",
       "  </thead>\n",
       "  <tbody>\n",
       "    <tr>\n",
       "      <th>1219</th>\n",
       "      <td>240100030</td>\n",
       "      <td>서비스/미디어</td>\n",
       "    </tr>\n",
       "    <tr>\n",
       "      <th>1220</th>\n",
       "      <td>240100050</td>\n",
       "      <td>생산/기능직</td>\n",
       "    </tr>\n",
       "    <tr>\n",
       "      <th>1221</th>\n",
       "      <td>240100070</td>\n",
       "      <td>상담영업</td>\n",
       "    </tr>\n",
       "    <tr>\n",
       "      <th>1222</th>\n",
       "      <td>240100090</td>\n",
       "      <td>기타 업종</td>\n",
       "    </tr>\n",
       "    <tr>\n",
       "      <th>1223</th>\n",
       "      <td>240100110</td>\n",
       "      <td>단기알바</td>\n",
       "    </tr>\n",
       "  </tbody>\n",
       "</table>\n",
       "</div>"
      ],
      "text/plain": [
       "       category     name\n",
       "1219  240100030  서비스/미디어\n",
       "1220  240100050   생산/기능직\n",
       "1221  240100070     상담영업\n",
       "1222  240100090    기타 업종\n",
       "1223  240100110     단기알바"
      ]
     },
     "execution_count": 187,
     "metadata": {},
     "output_type": "execute_result"
    }
   ],
   "source": [
    "# 제품 카테고리\n",
    "\n",
    "path = '../csv/categories.csv'\n",
    "\n",
    "df_categories = pd.read_csv(path)\n",
    "\n",
    "df_categories['category'] = df_categories['category'].astype(str)\n",
    "df_categories = df_categories[['category',  'name']]\n",
    "\n",
    "df_categories.tail()"
   ]
  },
  {
   "cell_type": "markdown",
   "metadata": {},
   "source": [
    "## 데이터 핸들링"
   ]
  },
  {
   "cell_type": "code",
   "execution_count": 189,
   "metadata": {},
   "outputs": [],
   "source": [
    "# merge bunp with category\n",
    "\n",
    "df_bunp_cate = pd.merge(df_bunp, df_categories, how = 'left', left_on = 'category_3', right_on = 'category')\n",
    "\n",
    "df_bunp_cate = df_bunp_cate.rename(columns = {'name_x': 'name_detail', 'name_y': 'name_general'})\n",
    "\n",
    "df_bunp_cate_general = df_bunp_cate.groupby(['month', 'name_general']).agg({'bunp_amount': 'sum'}).unstack()\n",
    "df_bunp_cate_detail = df_bunp_cate.groupby(['month', 'name_detail']).agg({'bunp_amount': 'sum'}).unstack()\n",
    "\n",
    "df_bunp_cate_general['total'] = df_bunp_cate_general[:].sum(axis=1) \n",
    "df_bunp_cate_detail['total'] = df_bunp_cate_detail[:].sum(axis=1) "
   ]
  },
  {
   "cell_type": "code",
   "execution_count": 173,
   "metadata": {},
   "outputs": [],
   "source": []
  },
  {
   "cell_type": "markdown",
   "metadata": {},
   "source": [
    "## 상관계수 구하기"
   ]
  },
  {
   "cell_type": "code",
   "execution_count": 190,
   "metadata": {},
   "outputs": [
    {
     "data": {
      "text/html": [
       "<div>\n",
       "<style scoped>\n",
       "    .dataframe tbody tr th:only-of-type {\n",
       "        vertical-align: middle;\n",
       "    }\n",
       "\n",
       "    .dataframe tbody tr th {\n",
       "        vertical-align: top;\n",
       "    }\n",
       "\n",
       "    .dataframe thead tr th {\n",
       "        text-align: left;\n",
       "    }\n",
       "\n",
       "    .dataframe thead tr:last-of-type th {\n",
       "        text-align: right;\n",
       "    }\n",
       "</style>\n",
       "<table border=\"1\" class=\"dataframe\">\n",
       "  <thead>\n",
       "    <tr>\n",
       "      <th></th>\n",
       "      <th></th>\n",
       "      <th colspan=\"19\" halign=\"left\">bunp_amount</th>\n",
       "      <th>total</th>\n",
       "    </tr>\n",
       "    <tr>\n",
       "      <th></th>\n",
       "      <th>name_general</th>\n",
       "      <th>(구)패션의류</th>\n",
       "      <th>구인구직</th>\n",
       "      <th>기타</th>\n",
       "      <th>남성의류</th>\n",
       "      <th>도서/티켓/취미/애완</th>\n",
       "      <th>디지털/가전</th>\n",
       "      <th>번개나눔</th>\n",
       "      <th>뷰티/미용</th>\n",
       "      <th>생활/문구/가구/식품</th>\n",
       "      <th>스타굿즈</th>\n",
       "      <th>스포츠/레저</th>\n",
       "      <th>여성의류</th>\n",
       "      <th>원룸/함께살아요</th>\n",
       "      <th>유아동/출산</th>\n",
       "      <th>재능</th>\n",
       "      <th>지역 서비스</th>\n",
       "      <th>차량/오토바이</th>\n",
       "      <th>커뮤니티</th>\n",
       "      <th>패션잡화</th>\n",
       "      <th></th>\n",
       "    </tr>\n",
       "    <tr>\n",
       "      <th></th>\n",
       "      <th>name_general</th>\n",
       "      <th></th>\n",
       "      <th></th>\n",
       "      <th></th>\n",
       "      <th></th>\n",
       "      <th></th>\n",
       "      <th></th>\n",
       "      <th></th>\n",
       "      <th></th>\n",
       "      <th></th>\n",
       "      <th></th>\n",
       "      <th></th>\n",
       "      <th></th>\n",
       "      <th></th>\n",
       "      <th></th>\n",
       "      <th></th>\n",
       "      <th></th>\n",
       "      <th></th>\n",
       "      <th></th>\n",
       "      <th></th>\n",
       "      <th></th>\n",
       "    </tr>\n",
       "  </thead>\n",
       "  <tbody>\n",
       "    <tr>\n",
       "      <th rowspan=\"19\" valign=\"top\">bunp_amount</th>\n",
       "      <th>(구)패션의류</th>\n",
       "      <td>1.000000</td>\n",
       "      <td>-0.102406</td>\n",
       "      <td>-0.470912</td>\n",
       "      <td>-0.025927</td>\n",
       "      <td>-0.062004</td>\n",
       "      <td>-0.134787</td>\n",
       "      <td>-0.044901</td>\n",
       "      <td>-0.179514</td>\n",
       "      <td>-0.394816</td>\n",
       "      <td>-0.261413</td>\n",
       "      <td>0.007841</td>\n",
       "      <td>-0.109355</td>\n",
       "      <td>-0.169452</td>\n",
       "      <td>-0.195602</td>\n",
       "      <td>-0.312119</td>\n",
       "      <td>-0.176478</td>\n",
       "      <td>-0.105236</td>\n",
       "      <td>0.200155</td>\n",
       "      <td>-0.083688</td>\n",
       "      <td>-0.117675</td>\n",
       "    </tr>\n",
       "    <tr>\n",
       "      <th>구인구직</th>\n",
       "      <td>-0.102406</td>\n",
       "      <td>1.000000</td>\n",
       "      <td>0.058978</td>\n",
       "      <td>0.270433</td>\n",
       "      <td>0.343552</td>\n",
       "      <td>0.448535</td>\n",
       "      <td>-0.356722</td>\n",
       "      <td>0.415317</td>\n",
       "      <td>0.411175</td>\n",
       "      <td>0.301088</td>\n",
       "      <td>0.250583</td>\n",
       "      <td>0.172405</td>\n",
       "      <td>0.118738</td>\n",
       "      <td>-0.016304</td>\n",
       "      <td>0.351834</td>\n",
       "      <td>0.352909</td>\n",
       "      <td>0.282477</td>\n",
       "      <td>-0.352823</td>\n",
       "      <td>0.528783</td>\n",
       "      <td>0.391256</td>\n",
       "    </tr>\n",
       "    <tr>\n",
       "      <th>기타</th>\n",
       "      <td>-0.470912</td>\n",
       "      <td>0.058978</td>\n",
       "      <td>1.000000</td>\n",
       "      <td>0.634200</td>\n",
       "      <td>0.468380</td>\n",
       "      <td>0.542808</td>\n",
       "      <td>-0.022442</td>\n",
       "      <td>0.793413</td>\n",
       "      <td>0.808336</td>\n",
       "      <td>0.739425</td>\n",
       "      <td>0.561682</td>\n",
       "      <td>0.737977</td>\n",
       "      <td>0.265320</td>\n",
       "      <td>0.789293</td>\n",
       "      <td>0.668142</td>\n",
       "      <td>0.390796</td>\n",
       "      <td>0.443355</td>\n",
       "      <td>0.334510</td>\n",
       "      <td>0.610376</td>\n",
       "      <td>0.692374</td>\n",
       "    </tr>\n",
       "    <tr>\n",
       "      <th>남성의류</th>\n",
       "      <td>-0.025927</td>\n",
       "      <td>0.270433</td>\n",
       "      <td>0.634200</td>\n",
       "      <td>1.000000</td>\n",
       "      <td>0.863519</td>\n",
       "      <td>0.856742</td>\n",
       "      <td>-0.304394</td>\n",
       "      <td>0.783786</td>\n",
       "      <td>0.839303</td>\n",
       "      <td>0.689542</td>\n",
       "      <td>0.529655</td>\n",
       "      <td>0.955219</td>\n",
       "      <td>0.393085</td>\n",
       "      <td>0.679826</td>\n",
       "      <td>0.778575</td>\n",
       "      <td>0.393403</td>\n",
       "      <td>0.622374</td>\n",
       "      <td>-0.159845</td>\n",
       "      <td>0.786868</td>\n",
       "      <td>0.943001</td>\n",
       "    </tr>\n",
       "    <tr>\n",
       "      <th>도서/티켓/취미/애완</th>\n",
       "      <td>-0.062004</td>\n",
       "      <td>0.343552</td>\n",
       "      <td>0.468380</td>\n",
       "      <td>0.863519</td>\n",
       "      <td>1.000000</td>\n",
       "      <td>0.944603</td>\n",
       "      <td>-0.172965</td>\n",
       "      <td>0.793373</td>\n",
       "      <td>0.838567</td>\n",
       "      <td>0.713670</td>\n",
       "      <td>0.641194</td>\n",
       "      <td>0.737128</td>\n",
       "      <td>0.190739</td>\n",
       "      <td>0.364395</td>\n",
       "      <td>0.796208</td>\n",
       "      <td>0.512396</td>\n",
       "      <td>0.816294</td>\n",
       "      <td>-0.300574</td>\n",
       "      <td>0.860316</td>\n",
       "      <td>0.922524</td>\n",
       "    </tr>\n",
       "    <tr>\n",
       "      <th>디지털/가전</th>\n",
       "      <td>-0.134787</td>\n",
       "      <td>0.448535</td>\n",
       "      <td>0.542808</td>\n",
       "      <td>0.856742</td>\n",
       "      <td>0.944603</td>\n",
       "      <td>1.000000</td>\n",
       "      <td>-0.254275</td>\n",
       "      <td>0.879864</td>\n",
       "      <td>0.907028</td>\n",
       "      <td>0.808254</td>\n",
       "      <td>0.743974</td>\n",
       "      <td>0.722617</td>\n",
       "      <td>0.226658</td>\n",
       "      <td>0.378307</td>\n",
       "      <td>0.869722</td>\n",
       "      <td>0.613531</td>\n",
       "      <td>0.812524</td>\n",
       "      <td>-0.276650</td>\n",
       "      <td>0.957909</td>\n",
       "      <td>0.961751</td>\n",
       "    </tr>\n",
       "    <tr>\n",
       "      <th>번개나눔</th>\n",
       "      <td>-0.044901</td>\n",
       "      <td>-0.356722</td>\n",
       "      <td>-0.022442</td>\n",
       "      <td>-0.304394</td>\n",
       "      <td>-0.172965</td>\n",
       "      <td>-0.254275</td>\n",
       "      <td>1.000000</td>\n",
       "      <td>-0.150990</td>\n",
       "      <td>-0.131874</td>\n",
       "      <td>-0.107511</td>\n",
       "      <td>-0.108544</td>\n",
       "      <td>-0.240489</td>\n",
       "      <td>-0.039368</td>\n",
       "      <td>-0.013754</td>\n",
       "      <td>-0.118700</td>\n",
       "      <td>-0.083405</td>\n",
       "      <td>-0.105290</td>\n",
       "      <td>0.110954</td>\n",
       "      <td>-0.252996</td>\n",
       "      <td>-0.254581</td>\n",
       "    </tr>\n",
       "    <tr>\n",
       "      <th>뷰티/미용</th>\n",
       "      <td>-0.179514</td>\n",
       "      <td>0.415317</td>\n",
       "      <td>0.793413</td>\n",
       "      <td>0.783786</td>\n",
       "      <td>0.793373</td>\n",
       "      <td>0.879864</td>\n",
       "      <td>-0.150990</td>\n",
       "      <td>1.000000</td>\n",
       "      <td>0.975581</td>\n",
       "      <td>0.847026</td>\n",
       "      <td>0.836757</td>\n",
       "      <td>0.758801</td>\n",
       "      <td>0.210140</td>\n",
       "      <td>0.637578</td>\n",
       "      <td>0.835497</td>\n",
       "      <td>0.612620</td>\n",
       "      <td>0.758053</td>\n",
       "      <td>-0.036354</td>\n",
       "      <td>0.937055</td>\n",
       "      <td>0.926650</td>\n",
       "    </tr>\n",
       "    <tr>\n",
       "      <th>생활/문구/가구/식품</th>\n",
       "      <td>-0.394816</td>\n",
       "      <td>0.411175</td>\n",
       "      <td>0.808336</td>\n",
       "      <td>0.839303</td>\n",
       "      <td>0.838567</td>\n",
       "      <td>0.907028</td>\n",
       "      <td>-0.131874</td>\n",
       "      <td>0.975581</td>\n",
       "      <td>1.000000</td>\n",
       "      <td>0.868199</td>\n",
       "      <td>0.757154</td>\n",
       "      <td>0.805156</td>\n",
       "      <td>0.264313</td>\n",
       "      <td>0.641525</td>\n",
       "      <td>0.873166</td>\n",
       "      <td>0.580078</td>\n",
       "      <td>0.751556</td>\n",
       "      <td>-0.047804</td>\n",
       "      <td>0.928729</td>\n",
       "      <td>0.952902</td>\n",
       "    </tr>\n",
       "    <tr>\n",
       "      <th>스타굿즈</th>\n",
       "      <td>-0.261413</td>\n",
       "      <td>0.301088</td>\n",
       "      <td>0.739425</td>\n",
       "      <td>0.689542</td>\n",
       "      <td>0.713670</td>\n",
       "      <td>0.808254</td>\n",
       "      <td>-0.107511</td>\n",
       "      <td>0.847026</td>\n",
       "      <td>0.868199</td>\n",
       "      <td>1.000000</td>\n",
       "      <td>0.607681</td>\n",
       "      <td>0.661819</td>\n",
       "      <td>0.186791</td>\n",
       "      <td>0.451788</td>\n",
       "      <td>0.717435</td>\n",
       "      <td>0.572641</td>\n",
       "      <td>0.579150</td>\n",
       "      <td>0.108003</td>\n",
       "      <td>0.779973</td>\n",
       "      <td>0.811963</td>\n",
       "    </tr>\n",
       "    <tr>\n",
       "      <th>스포츠/레저</th>\n",
       "      <td>0.007841</td>\n",
       "      <td>0.250583</td>\n",
       "      <td>0.561682</td>\n",
       "      <td>0.529655</td>\n",
       "      <td>0.641194</td>\n",
       "      <td>0.743974</td>\n",
       "      <td>-0.108544</td>\n",
       "      <td>0.836757</td>\n",
       "      <td>0.757154</td>\n",
       "      <td>0.607681</td>\n",
       "      <td>1.000000</td>\n",
       "      <td>0.439584</td>\n",
       "      <td>-0.109866</td>\n",
       "      <td>0.373905</td>\n",
       "      <td>0.709312</td>\n",
       "      <td>0.590938</td>\n",
       "      <td>0.819503</td>\n",
       "      <td>-0.165236</td>\n",
       "      <td>0.857501</td>\n",
       "      <td>0.735287</td>\n",
       "    </tr>\n",
       "    <tr>\n",
       "      <th>여성의류</th>\n",
       "      <td>-0.109355</td>\n",
       "      <td>0.172405</td>\n",
       "      <td>0.737977</td>\n",
       "      <td>0.955219</td>\n",
       "      <td>0.737128</td>\n",
       "      <td>0.722617</td>\n",
       "      <td>-0.240489</td>\n",
       "      <td>0.758801</td>\n",
       "      <td>0.805156</td>\n",
       "      <td>0.661819</td>\n",
       "      <td>0.439584</td>\n",
       "      <td>1.000000</td>\n",
       "      <td>0.470072</td>\n",
       "      <td>0.831859</td>\n",
       "      <td>0.690676</td>\n",
       "      <td>0.353087</td>\n",
       "      <td>0.487888</td>\n",
       "      <td>0.007672</td>\n",
       "      <td>0.667913</td>\n",
       "      <td>0.869448</td>\n",
       "    </tr>\n",
       "    <tr>\n",
       "      <th>원룸/함께살아요</th>\n",
       "      <td>-0.169452</td>\n",
       "      <td>0.118738</td>\n",
       "      <td>0.265320</td>\n",
       "      <td>0.393085</td>\n",
       "      <td>0.190739</td>\n",
       "      <td>0.226658</td>\n",
       "      <td>-0.039368</td>\n",
       "      <td>0.210140</td>\n",
       "      <td>0.264313</td>\n",
       "      <td>0.186791</td>\n",
       "      <td>-0.109866</td>\n",
       "      <td>0.470072</td>\n",
       "      <td>1.000000</td>\n",
       "      <td>0.346185</td>\n",
       "      <td>0.191380</td>\n",
       "      <td>0.144869</td>\n",
       "      <td>-0.041594</td>\n",
       "      <td>-0.048833</td>\n",
       "      <td>0.161105</td>\n",
       "      <td>0.309982</td>\n",
       "    </tr>\n",
       "    <tr>\n",
       "      <th>유아동/출산</th>\n",
       "      <td>-0.195602</td>\n",
       "      <td>-0.016304</td>\n",
       "      <td>0.789293</td>\n",
       "      <td>0.679826</td>\n",
       "      <td>0.364395</td>\n",
       "      <td>0.378307</td>\n",
       "      <td>-0.013754</td>\n",
       "      <td>0.637578</td>\n",
       "      <td>0.641525</td>\n",
       "      <td>0.451788</td>\n",
       "      <td>0.373905</td>\n",
       "      <td>0.831859</td>\n",
       "      <td>0.346185</td>\n",
       "      <td>1.000000</td>\n",
       "      <td>0.474117</td>\n",
       "      <td>0.211795</td>\n",
       "      <td>0.277796</td>\n",
       "      <td>0.145616</td>\n",
       "      <td>0.433389</td>\n",
       "      <td>0.604045</td>\n",
       "    </tr>\n",
       "    <tr>\n",
       "      <th>재능</th>\n",
       "      <td>-0.312119</td>\n",
       "      <td>0.351834</td>\n",
       "      <td>0.668142</td>\n",
       "      <td>0.778575</td>\n",
       "      <td>0.796208</td>\n",
       "      <td>0.869722</td>\n",
       "      <td>-0.118700</td>\n",
       "      <td>0.835497</td>\n",
       "      <td>0.873166</td>\n",
       "      <td>0.717435</td>\n",
       "      <td>0.709312</td>\n",
       "      <td>0.690676</td>\n",
       "      <td>0.191380</td>\n",
       "      <td>0.474117</td>\n",
       "      <td>1.000000</td>\n",
       "      <td>0.567220</td>\n",
       "      <td>0.744138</td>\n",
       "      <td>-0.180250</td>\n",
       "      <td>0.873655</td>\n",
       "      <td>0.876837</td>\n",
       "    </tr>\n",
       "    <tr>\n",
       "      <th>지역 서비스</th>\n",
       "      <td>-0.176478</td>\n",
       "      <td>0.352909</td>\n",
       "      <td>0.390796</td>\n",
       "      <td>0.393403</td>\n",
       "      <td>0.512396</td>\n",
       "      <td>0.613531</td>\n",
       "      <td>-0.083405</td>\n",
       "      <td>0.612620</td>\n",
       "      <td>0.580078</td>\n",
       "      <td>0.572641</td>\n",
       "      <td>0.590938</td>\n",
       "      <td>0.353087</td>\n",
       "      <td>0.144869</td>\n",
       "      <td>0.211795</td>\n",
       "      <td>0.567220</td>\n",
       "      <td>1.000000</td>\n",
       "      <td>0.504349</td>\n",
       "      <td>-0.111731</td>\n",
       "      <td>0.616760</td>\n",
       "      <td>0.555528</td>\n",
       "    </tr>\n",
       "    <tr>\n",
       "      <th>차량/오토바이</th>\n",
       "      <td>-0.105236</td>\n",
       "      <td>0.282477</td>\n",
       "      <td>0.443355</td>\n",
       "      <td>0.622374</td>\n",
       "      <td>0.816294</td>\n",
       "      <td>0.812524</td>\n",
       "      <td>-0.105290</td>\n",
       "      <td>0.758053</td>\n",
       "      <td>0.751556</td>\n",
       "      <td>0.579150</td>\n",
       "      <td>0.819503</td>\n",
       "      <td>0.487888</td>\n",
       "      <td>-0.041594</td>\n",
       "      <td>0.277796</td>\n",
       "      <td>0.744138</td>\n",
       "      <td>0.504349</td>\n",
       "      <td>1.000000</td>\n",
       "      <td>-0.343552</td>\n",
       "      <td>0.837019</td>\n",
       "      <td>0.777983</td>\n",
       "    </tr>\n",
       "    <tr>\n",
       "      <th>커뮤니티</th>\n",
       "      <td>0.200155</td>\n",
       "      <td>-0.352823</td>\n",
       "      <td>0.334510</td>\n",
       "      <td>-0.159845</td>\n",
       "      <td>-0.300574</td>\n",
       "      <td>-0.276650</td>\n",
       "      <td>0.110954</td>\n",
       "      <td>-0.036354</td>\n",
       "      <td>-0.047804</td>\n",
       "      <td>0.108003</td>\n",
       "      <td>-0.165236</td>\n",
       "      <td>0.007672</td>\n",
       "      <td>-0.048833</td>\n",
       "      <td>0.145616</td>\n",
       "      <td>-0.180250</td>\n",
       "      <td>-0.111731</td>\n",
       "      <td>-0.343552</td>\n",
       "      <td>1.000000</td>\n",
       "      <td>-0.250468</td>\n",
       "      <td>-0.179124</td>\n",
       "    </tr>\n",
       "    <tr>\n",
       "      <th>패션잡화</th>\n",
       "      <td>-0.083688</td>\n",
       "      <td>0.528783</td>\n",
       "      <td>0.610376</td>\n",
       "      <td>0.786868</td>\n",
       "      <td>0.860316</td>\n",
       "      <td>0.957909</td>\n",
       "      <td>-0.252996</td>\n",
       "      <td>0.937055</td>\n",
       "      <td>0.928729</td>\n",
       "      <td>0.779973</td>\n",
       "      <td>0.857501</td>\n",
       "      <td>0.667913</td>\n",
       "      <td>0.161105</td>\n",
       "      <td>0.433389</td>\n",
       "      <td>0.873655</td>\n",
       "      <td>0.616760</td>\n",
       "      <td>0.837019</td>\n",
       "      <td>-0.250468</td>\n",
       "      <td>1.000000</td>\n",
       "      <td>0.939726</td>\n",
       "    </tr>\n",
       "    <tr>\n",
       "      <th>total</th>\n",
       "      <th></th>\n",
       "      <td>-0.117675</td>\n",
       "      <td>0.391256</td>\n",
       "      <td>0.692374</td>\n",
       "      <td>0.943001</td>\n",
       "      <td>0.922524</td>\n",
       "      <td>0.961751</td>\n",
       "      <td>-0.254581</td>\n",
       "      <td>0.926650</td>\n",
       "      <td>0.952902</td>\n",
       "      <td>0.811963</td>\n",
       "      <td>0.735287</td>\n",
       "      <td>0.869448</td>\n",
       "      <td>0.309982</td>\n",
       "      <td>0.604045</td>\n",
       "      <td>0.876837</td>\n",
       "      <td>0.555528</td>\n",
       "      <td>0.777983</td>\n",
       "      <td>-0.179124</td>\n",
       "      <td>0.939726</td>\n",
       "      <td>1.000000</td>\n",
       "    </tr>\n",
       "  </tbody>\n",
       "</table>\n",
       "</div>"
      ],
      "text/plain": [
       "                         bunp_amount                                \\\n",
       "name_general                 (구)패션의류      구인구직        기타      남성의류   \n",
       "            name_general                                             \n",
       "bunp_amount (구)패션의류         1.000000 -0.102406 -0.470912 -0.025927   \n",
       "            구인구직           -0.102406  1.000000  0.058978  0.270433   \n",
       "            기타             -0.470912  0.058978  1.000000  0.634200   \n",
       "            남성의류           -0.025927  0.270433  0.634200  1.000000   \n",
       "            도서/티켓/취미/애완    -0.062004  0.343552  0.468380  0.863519   \n",
       "            디지털/가전         -0.134787  0.448535  0.542808  0.856742   \n",
       "            번개나눔           -0.044901 -0.356722 -0.022442 -0.304394   \n",
       "            뷰티/미용          -0.179514  0.415317  0.793413  0.783786   \n",
       "            생활/문구/가구/식품    -0.394816  0.411175  0.808336  0.839303   \n",
       "            스타굿즈           -0.261413  0.301088  0.739425  0.689542   \n",
       "            스포츠/레저          0.007841  0.250583  0.561682  0.529655   \n",
       "            여성의류           -0.109355  0.172405  0.737977  0.955219   \n",
       "            원룸/함께살아요       -0.169452  0.118738  0.265320  0.393085   \n",
       "            유아동/출산         -0.195602 -0.016304  0.789293  0.679826   \n",
       "            재능             -0.312119  0.351834  0.668142  0.778575   \n",
       "            지역 서비스         -0.176478  0.352909  0.390796  0.393403   \n",
       "            차량/오토바이        -0.105236  0.282477  0.443355  0.622374   \n",
       "            커뮤니티            0.200155 -0.352823  0.334510 -0.159845   \n",
       "            패션잡화           -0.083688  0.528783  0.610376  0.786868   \n",
       "total                      -0.117675  0.391256  0.692374  0.943001   \n",
       "\n",
       "                                                                    \\\n",
       "name_general             도서/티켓/취미/애완    디지털/가전      번개나눔     뷰티/미용   \n",
       "            name_general                                             \n",
       "bunp_amount (구)패션의류        -0.062004 -0.134787 -0.044901 -0.179514   \n",
       "            구인구직            0.343552  0.448535 -0.356722  0.415317   \n",
       "            기타              0.468380  0.542808 -0.022442  0.793413   \n",
       "            남성의류            0.863519  0.856742 -0.304394  0.783786   \n",
       "            도서/티켓/취미/애완     1.000000  0.944603 -0.172965  0.793373   \n",
       "            디지털/가전          0.944603  1.000000 -0.254275  0.879864   \n",
       "            번개나눔           -0.172965 -0.254275  1.000000 -0.150990   \n",
       "            뷰티/미용           0.793373  0.879864 -0.150990  1.000000   \n",
       "            생활/문구/가구/식품     0.838567  0.907028 -0.131874  0.975581   \n",
       "            스타굿즈            0.713670  0.808254 -0.107511  0.847026   \n",
       "            스포츠/레저          0.641194  0.743974 -0.108544  0.836757   \n",
       "            여성의류            0.737128  0.722617 -0.240489  0.758801   \n",
       "            원룸/함께살아요        0.190739  0.226658 -0.039368  0.210140   \n",
       "            유아동/출산          0.364395  0.378307 -0.013754  0.637578   \n",
       "            재능              0.796208  0.869722 -0.118700  0.835497   \n",
       "            지역 서비스          0.512396  0.613531 -0.083405  0.612620   \n",
       "            차량/오토바이         0.816294  0.812524 -0.105290  0.758053   \n",
       "            커뮤니티           -0.300574 -0.276650  0.110954 -0.036354   \n",
       "            패션잡화            0.860316  0.957909 -0.252996  0.937055   \n",
       "total                       0.922524  0.961751 -0.254581  0.926650   \n",
       "\n",
       "                                                                              \\\n",
       "name_general             생활/문구/가구/식품      스타굿즈    스포츠/레저      여성의류  원룸/함께살아요   \n",
       "            name_general                                                       \n",
       "bunp_amount (구)패션의류        -0.394816 -0.261413  0.007841 -0.109355 -0.169452   \n",
       "            구인구직            0.411175  0.301088  0.250583  0.172405  0.118738   \n",
       "            기타              0.808336  0.739425  0.561682  0.737977  0.265320   \n",
       "            남성의류            0.839303  0.689542  0.529655  0.955219  0.393085   \n",
       "            도서/티켓/취미/애완     0.838567  0.713670  0.641194  0.737128  0.190739   \n",
       "            디지털/가전          0.907028  0.808254  0.743974  0.722617  0.226658   \n",
       "            번개나눔           -0.131874 -0.107511 -0.108544 -0.240489 -0.039368   \n",
       "            뷰티/미용           0.975581  0.847026  0.836757  0.758801  0.210140   \n",
       "            생활/문구/가구/식품     1.000000  0.868199  0.757154  0.805156  0.264313   \n",
       "            스타굿즈            0.868199  1.000000  0.607681  0.661819  0.186791   \n",
       "            스포츠/레저          0.757154  0.607681  1.000000  0.439584 -0.109866   \n",
       "            여성의류            0.805156  0.661819  0.439584  1.000000  0.470072   \n",
       "            원룸/함께살아요        0.264313  0.186791 -0.109866  0.470072  1.000000   \n",
       "            유아동/출산          0.641525  0.451788  0.373905  0.831859  0.346185   \n",
       "            재능              0.873166  0.717435  0.709312  0.690676  0.191380   \n",
       "            지역 서비스          0.580078  0.572641  0.590938  0.353087  0.144869   \n",
       "            차량/오토바이         0.751556  0.579150  0.819503  0.487888 -0.041594   \n",
       "            커뮤니티           -0.047804  0.108003 -0.165236  0.007672 -0.048833   \n",
       "            패션잡화            0.928729  0.779973  0.857501  0.667913  0.161105   \n",
       "total                       0.952902  0.811963  0.735287  0.869448  0.309982   \n",
       "\n",
       "                                                                            \\\n",
       "name_general                유아동/출산        재능    지역 서비스   차량/오토바이      커뮤니티   \n",
       "            name_general                                                     \n",
       "bunp_amount (구)패션의류      -0.195602 -0.312119 -0.176478 -0.105236  0.200155   \n",
       "            구인구직         -0.016304  0.351834  0.352909  0.282477 -0.352823   \n",
       "            기타            0.789293  0.668142  0.390796  0.443355  0.334510   \n",
       "            남성의류          0.679826  0.778575  0.393403  0.622374 -0.159845   \n",
       "            도서/티켓/취미/애완   0.364395  0.796208  0.512396  0.816294 -0.300574   \n",
       "            디지털/가전        0.378307  0.869722  0.613531  0.812524 -0.276650   \n",
       "            번개나눔         -0.013754 -0.118700 -0.083405 -0.105290  0.110954   \n",
       "            뷰티/미용         0.637578  0.835497  0.612620  0.758053 -0.036354   \n",
       "            생활/문구/가구/식품   0.641525  0.873166  0.580078  0.751556 -0.047804   \n",
       "            스타굿즈          0.451788  0.717435  0.572641  0.579150  0.108003   \n",
       "            스포츠/레저        0.373905  0.709312  0.590938  0.819503 -0.165236   \n",
       "            여성의류          0.831859  0.690676  0.353087  0.487888  0.007672   \n",
       "            원룸/함께살아요      0.346185  0.191380  0.144869 -0.041594 -0.048833   \n",
       "            유아동/출산        1.000000  0.474117  0.211795  0.277796  0.145616   \n",
       "            재능            0.474117  1.000000  0.567220  0.744138 -0.180250   \n",
       "            지역 서비스        0.211795  0.567220  1.000000  0.504349 -0.111731   \n",
       "            차량/오토바이       0.277796  0.744138  0.504349  1.000000 -0.343552   \n",
       "            커뮤니티          0.145616 -0.180250 -0.111731 -0.343552  1.000000   \n",
       "            패션잡화          0.433389  0.873655  0.616760  0.837019 -0.250468   \n",
       "total                     0.604045  0.876837  0.555528  0.777983 -0.179124   \n",
       "\n",
       "                                       total  \n",
       "name_general                  패션잡화            \n",
       "            name_general                      \n",
       "bunp_amount (구)패션의류      -0.083688 -0.117675  \n",
       "            구인구직          0.528783  0.391256  \n",
       "            기타            0.610376  0.692374  \n",
       "            남성의류          0.786868  0.943001  \n",
       "            도서/티켓/취미/애완   0.860316  0.922524  \n",
       "            디지털/가전        0.957909  0.961751  \n",
       "            번개나눔         -0.252996 -0.254581  \n",
       "            뷰티/미용         0.937055  0.926650  \n",
       "            생활/문구/가구/식품   0.928729  0.952902  \n",
       "            스타굿즈          0.779973  0.811963  \n",
       "            스포츠/레저        0.857501  0.735287  \n",
       "            여성의류          0.667913  0.869448  \n",
       "            원룸/함께살아요      0.161105  0.309982  \n",
       "            유아동/출산        0.433389  0.604045  \n",
       "            재능            0.873655  0.876837  \n",
       "            지역 서비스        0.616760  0.555528  \n",
       "            차량/오토바이       0.837019  0.777983  \n",
       "            커뮤니티         -0.250468 -0.179124  \n",
       "            패션잡화          1.000000  0.939726  \n",
       "total                     0.939726  1.000000  "
      ]
     },
     "execution_count": 190,
     "metadata": {},
     "output_type": "execute_result"
    }
   ],
   "source": [
    "# correlation\n",
    "df_bunp_cate_general.corr()"
   ]
  },
  {
   "cell_type": "code",
   "execution_count": 194,
   "metadata": {},
   "outputs": [
    {
     "data": {
      "text/html": [
       "<div>\n",
       "<style scoped>\n",
       "    .dataframe tbody tr th:only-of-type {\n",
       "        vertical-align: middle;\n",
       "    }\n",
       "\n",
       "    .dataframe tbody tr th {\n",
       "        vertical-align: top;\n",
       "    }\n",
       "\n",
       "    .dataframe thead tr th {\n",
       "        text-align: left;\n",
       "    }\n",
       "\n",
       "    .dataframe thead tr:last-of-type th {\n",
       "        text-align: right;\n",
       "    }\n",
       "</style>\n",
       "<table border=\"1\" class=\"dataframe\">\n",
       "  <thead>\n",
       "    <tr>\n",
       "      <th></th>\n",
       "      <th></th>\n",
       "      <th colspan=\"806\" halign=\"left\">bunp_amount</th>\n",
       "      <th>total</th>\n",
       "    </tr>\n",
       "    <tr>\n",
       "      <th></th>\n",
       "      <th>name_detail</th>\n",
       "      <th>(구)가방/지갑</th>\n",
       "      <th>(구)여성의류</th>\n",
       "      <th>(구)쥬얼리/시계</th>\n",
       "      <th>BB/CC크림</th>\n",
       "      <th>BB크림</th>\n",
       "      <th>BB탄총/전동건</th>\n",
       "      <th>CD/DVD/음반</th>\n",
       "      <th>CPU/메인보드</th>\n",
       "      <th>DIY/리폼용품/공구</th>\n",
       "      <th>DSLR/미러리스</th>\n",
       "      <th>DVD/블루레이/영상</th>\n",
       "      <th>HDD/ODD/SSD</th>\n",
       "      <th>IT/디자인 기타</th>\n",
       "      <th>MTB/산악</th>\n",
       "      <th>PC/모니터/주변기기</th>\n",
       "      <th>PC게임</th>\n",
       "      <th>RC/무선조종/드론</th>\n",
       "      <th>SUV/RV</th>\n",
       "      <th>TV(LCD/LED/PDP)</th>\n",
       "      <th>USB/케이블/스피커</th>\n",
       "      <th>XBOX</th>\n",
       "      <th>가구</th>\n",
       "      <th>가구/침대/매트</th>\n",
       "      <th>가디건</th>\n",
       "      <th>가디건</th>\n",
       "      <th>가디건/조끼</th>\n",
       "      <th>가방</th>\n",
       "      <th>가전제품</th>\n",
       "      <th>가죽 레깅스</th>\n",
       "      <th>가죽 자켓</th>\n",
       "      <th>가죽/라이더</th>\n",
       "      <th>가죽/모직 바지</th>\n",
       "      <th>가죽/모직 반바지</th>\n",
       "      <th>가죽시계</th>\n",
       "      <th>강사/교육</th>\n",
       "      <th>강아지 기타</th>\n",
       "      <th>강아지 먹거리</th>\n",
       "      <th>강아지 분양</th>\n",
       "      <th>강아지 용품</th>\n",
       "      <th>거래 대행</th>\n",
       "      <th>거실가구(쇼파/테이블 등)</th>\n",
       "      <th>건강식품/다이어트/홍삼</th>\n",
       "      <th>건전 성인용품</th>\n",
       "      <th>걸그룹</th>\n",
       "      <th>겉싸개/속싸개</th>\n",
       "      <th>게임 타이틀</th>\n",
       "      <th>게임/소프트웨어</th>\n",
       "      <th>게임/타이틀</th>\n",
       "      <th>결혼/행사</th>\n",
       "      <th>경영/경제/자기계발</th>\n",
       "      <th>경차/소형차</th>\n",
       "      <th>고객상담</th>\n",
       "      <th>고양이 기타</th>\n",
       "      <th>고양이 먹거리</th>\n",
       "      <th>고양이 분양</th>\n",
       "      <th>고양이 용품</th>\n",
       "      <th>골동품</th>\n",
       "      <th>골프 용품</th>\n",
       "      <th>골프 의류/잡화</th>\n",
       "      <th>공구/공구함</th>\n",
       "      <th>공연/전시/행사</th>\n",
       "      <th>공작기계/용접/가스</th>\n",
       "      <th>과외/학습지</th>\n",
       "      <th>과학/컴퓨터/인터넷</th>\n",
       "      <th>관악기/현악기/타악기</th>\n",
       "      <th>광고방/상점공지</th>\n",
       "      <th>교복</th>\n",
       "      <th>교양/인문/시/소설</th>\n",
       "      <th>교육/과외</th>\n",
       "      <th>교육/완구/인형</th>\n",
       "      <th>교육완구</th>\n",
       "      <th>구매 대행</th>\n",
       "      <th>국산차(개인)</th>\n",
       "      <th>군복( 구형 전투복)</th>\n",
       "      <th>굴삭기/지게차</th>\n",
       "      <th>귀걸이/피어싱</th>\n",
       "      <th>귀금속/보석/예물</th>\n",
       "      <th>금융/채무</th>\n",
       "      <th>기능성/히트텍</th>\n",
       "      <th>기모 바지</th>\n",
       "      <th>기모/밍크 레깅스</th>\n",
       "      <th>기본/테일러드 자켓</th>\n",
